613 687 -138.50
607 703 -138.50
596 708 -136.40
586 713 -138.10
576 719 -137.30
564 724 -138.30
553 730 -137.20
540 736 -134.30
529 742 -134.30
515 748 -135.00
505 753 -133.80
491 767 -133.50
495 777 -134.50
497 782 -132.70
501 791 -135.30
505 802 -134.70
511 817 -134.20
516 828 -131.60
521 840 -134.60
525 849 -130.90
530 862 -132.00
535 874 -132.80
540 886 -132.60
544 896 -131.80
552 915 -131.50
558 930 -132.70
563 941 -132.90
568 953 -134.10
573 966 -132.50
579 980 -133.90
580 987 -132.80
567 1001 -134.60
557 1005 -135.50
546 1010 -137.00
535 1014 -134.90
524 1019 -133.60
513 1023 -136.20
501 1028 -136.00
484 1036 -136.30
477 1038 -137.40
465 1043 -139.50
453 1049 -139.30
440 1053 -138.30
428 1058 -139.40
416 1063 -139.50
405 1068 -139.40
394 1081 -138.70
397 1088 -142.10
399 1095 -141.50
404 1107 -142.60
408 1118 -139.70
412 1128 -140.80
418 1143 -140.40
425 1160 -138.50
429 1171 -137.50
434 1183 -134.50
438 1194 -134.30
442 1204 -137.00
448 1218 -136.30
452 1229 -135.90
457 1242 -136.80
462 1254 -134.40
466 1264 -133.90
469 1272 -132.10
473 1282 -132.20
480 1299 -132.60
486 1314 -135.20
490 1325 -134.50
495 1338 -133.10
499 1347 -131.50
502 1355 -129.90
508 1370 -132.50
513 1383 -132.20
515 1388 -132.70
522 1406 -132.30
527 1419 -135.10
531 1430 -132.40
536 1443 -133.80
540 1454 -134.90
545 1467 -134.30
550 1480 -134.80
554 1490 -132.80
559 1503 -129.70
562 1511 -128.50
566 1522 -117.80
569 1530 -113.40
573 1540 -127.30
577 1550 -135.00
582 1564 -133.80
587 1576 -132.40
591 1586 -134.10
599 1606 -133.70
605 1621 -133.20
609 1631 -132.50
614 1644 -124.70
617 1652 -134.50
623 1667 -136.50
628 1679 -139.80
632 1689 -139.80
636 1699 -138.30
641 1712 -140.10
645 1722 -139.60
649 1732 -139.30
654 1745 -138.10
658 1755 -138.20
664 1770 -134.30
667 1779 -137.40
671 1792 -141.50
676 1804 -143.00
680 1812 -143.80
685 1823 -145.60
690 1834 -142.40
695 1845 -144.90
700 1856 -143.10
704 1865 -143.40
709 1877 -139.30
714 1890 -136.10
719 1902 -143.60
724 1914 -141.30
728 1926 -139.10
733 1938 -136.80
737 1950 -135.70
742 1963 -135.50
750 1982 -137.30
755 1997 -136.30
753 2011 -133.50
751 2012 -137.10
737 2017 -138.40
726 2021 -135.30
715 2025 -136.20
704 2029 -135.00
693 2033 -137.80
682 2037 -137.00
672 2041 -135.40
658 2046 -137.50
647 2050 -140.10
636 2054 -140.10
625 2058 -140.60
614 2062 -142.20
604 2067 -140.90
585 2073 -142.50
570 2079 -140.70
558 2084 -137.80
547 2089 -138.60
537 2096 -141.20
542 2111 -147.30
545 2120 -145.10
548 2130 -146.20
551 2141 -146.90
554 2153 -146.40
556 2164 -145.00
558 2176 -145.80
561 2188 -145.50
564 2201 -144.20
567 2213 -145.90
570 2225 -145.20
573 2239 -145.70
578 2261 -146.20
581 2270 -143.70
583 2279 -144.20
586 2289 -147.00
588 2299 -148.60
591 2311 -148.50
594 2323 -148.20
599 2342 -145.50
602 2354 -145.50
606 2367 -146.70
609 2379 -143.00
612 2391 -137.50
616 2406 -136.50
619 2415 -137.80
622 2424 -140.30
626 2438 -140.30
628 2450 -137.00
629 2456 -136.50
633 2475 -140.80
635 2485 -140.90
638 2497 -144.20
642 2513 -143.60
645 2526 -143.50
649 2540 -142.50
651 2549 -144.50
654 2560 -146.70
657 2573 -145.30
660 2585 -145.70
662 2593 -144.00
665 2605 -148.20
668 2617 -146.40
673 2637 -149.20
676 2650 -147.60
678 2658 -148.20
682 2674 -147.00
684 2682 -147.00
687 2697 -143.70
689 2707 -146.10
702 2712 -148.50
705 2712 -150.60
713 2710 -147.60
728 2707 -149.40
739 2705 -150.20
751 2703 -151.90
764 2700 -153.30
782 2697 -152.80
797 2694 -148.10
812 2680 -143.20
811 2674 -145.00
809 2662 -144.90
807 2651 -143.60
805 2639 -140.80
803 2627 -143.50
801 2614 -142.60
799 2602 -142.50
797 2589 -141.90
795 2577 -140.00
793 2564 -137.20
791 2551 -138.90
788 2537 -139.70
786 2524 -139.80
784 2511 -139.70
782 2498 -139.90
780 2486 -141.70
778 2474 -138.70
776 2462 -138.70
775 2450 -138.30
773 2437 -137.90
771 2424 -135.80
770 2411 -135.60
768 2400 -131.10
767 2390 -133.20
766 2379 -133.20
765 2368 -133.20
762 2348 -132.00
761 2335 -132.10
759 2323 -131.80
758 2310 -130.80
766 2290 -131.60
763 2273 -130.10
759 2260 -126.80
757 2254 -133.90
752 2238 -138.90
748 2225 -138.90
743 2210 -140.20
743 2209 -138.50
760 2203 -140.40
770 2199 -138.70
780 2195 -139.60
793 2190 -136.70
808 2185 -135.30
815 2182 -133.50
826 2178 -131.80
836 2174 -133.50
846 2170 -133.40
864 2163 -135.60
871 2160 -133.10
876 2158 -133.70
899 2149 -136.60
910 2146 -131.70
923 2140 -128.00
934 2134 -131.80
934 2129 -130.30
936 2114 -131.60
937 2100 -126.20
938 2091 -128.00
939 2075 -126.70
941 2062 -127.70
942 2051 -125.60
943 2038 -120.80
951 2023 -127.90
959 2019 -126.50
974 2012 -128.00
982 2008 -131.00
979 2001 -129.10
974 1987 -131.50
970 1977 -131.70
963 1960 -129.10
959 1950 -129.40
954 1938 -128.30
950 1928 -124.00
945 1915 -131.60
941 1905 -132.00
936 1892 -133.30
932 1882 -129.20
927 1869 -125.60
923 1859 -127.30
918 1847 -126.70
914 1836 -122.90
910 1825 -121.50
906 1816 -122.00
901 1802 -121.00
896 1790 -121.60
892 1779 -121.30
887 1767 -120.10
882 1754 -120.30
877 1741 -123.80
873 1731 -127.40
869 1720 -127.00
863 1705 -126.00
859 1695 -130.20
852 1677 -132.00
850 1672 -133.60
842 1652 -136.70
838 1642 -133.80
833 1630 -136.70
829 1620 -137.00
824 1607 -132.30
820 1597 -136.20
816 1587 -132.50
811 1575 -127.10
807 1565 -131.50
802 1552 -132.00
798 1542 -131.10
793 1530 -130.90
788 1517 -129.70
782 1502 -126.80
776 1487 -122.80
772 1476 -115.00
768 1465 -109.50
764 1455 -115.20
760 1444 -120.50
756 1434 -120.80
752 1423 -122.50
748 1412 -120.90
744 1401 -117.20
739 1389 -117.40
735 1378 -118.20
731 1367 -118.00
726 1355 -120.20
718 1335 -119.50
713 1323 -121.90
708 1311 -121.20
703 1299 -124.50
697 1285 -123.70
693 1275 -125.50
689 1266 -127.50
681 1255 -128.20
674 1247 -126.80
667 1237 -128.30
661 1228 -129.60
655 1216 -128.30
652 1206 -127.90
650 1193 -125.90
653 1181 -127.00
650 1170 -124.70
645 1157 -123.90
640 1145 -126.00
635 1132 -124.70
630 1120 -125.30
626 1110 -129.30
621 1097 -124.00
613 1077 -126.90
609 1067 -131.80
605 1057 -131.60
600 1045 -132.60
595 1032 -136.80
590 1016 -134.90
590 1003 -135.00
592 996 -134.50
597 991 -133.30
606 987 -135.70
609 986 -133.30
618 982 -134.30
630 977 -135.20
647 971 -134.40
662 964 -136.20
673 959 -139.30
684 955 -137.60
696 950 -136.30
708 945 -137.40
719 940 -136.80
732 935 -138.60
747 929 -140.00
758 924 -138.20
769 919 -131.80
779 928 -130.80
784 941 -133.10
786 946 -131.10
790 956 -135.00
795 968 -133.60
800 980 -131.70
804 990 -132.40
808 1000 -130.10
812 1011 -128.10
817 1023 -130.00
824 1041 -130.00
830 1055 -127.90
835 1067 -125.70
840 1080 -122.10
844 1090 -121.10
849 1102 -123.90
855 1117 -122.70
859 1127 -122.30
862 1134 -120.90
867 1147 -121.10
872 1159 -122.50
876 1169 -122.50
881 1181 -120.70
885 1191 -118.60
889 1201 -119.20
894 1214 -119.30
898 1224 -118.80
903 1236 -115.10
908 1248 -117.60
912 1259 -112.20
917 1271 -111.00
922 1283 -112.00
926 1294 -110.00
931 1306 -109.10
937 1320 -104.70
942 1333 -104.40
949 1350 -98.900
953 1362 -96.300
958 1373 -94.200
963 1386 -93.800
967 1397 -97.400
971 1407 -99.300
975 1417 -98.200
980 1430 -99.600
984 1441 -98.800
988 1451 -96.100
993 1464 -92.100
998 1477 -96.600
1002 1488 -102.70
1007 1500 -102.80
1012 1513 -108.10
1016 1524 -108.30
1021 1537 -108.30
1025 1547 -106.30
1029 1558 -105.30
1034 1571 -106.20
1038 1581 -104.90
1043 1594 -102.00
1048 1607 -98.300
1053 1620 -100.00
1057 1631 -102.30
1061 1642 -100.90
1065 1652 -102.50
1070 1664 -101.50
1074 1675 -105.00
1078 1685 -107.50
1084 1701 -109.20
1089 1714 -111.00
1095 1729 -111.70
1100 1742 -111.80
1104 1753 -113.30
1108 1763 -113.60
1113 1776 -114.30
1118 1789 -117.60
1123 1802 -119.50
1127 1813 -123.30
1132 1826 -119.10
1136 1836 -119.10
1139 1844 -119.30
1143 1854 -115.90
1147 1865 -120.80
1151 1875 -126.30
1155 1886 -127.60
1162 1904 -127.00
1168 1919 -131.10
1172 1930 -128.80
1176 1940 -129.20
1180 1951 -133.10
1184 1962 -131.70
1189 1973 -131.30
1195 1983 -131.60
1200 1994 -131.80
1204 2005 -132.10
1209 2016 -135.30
1213 2028 -131.90
1218 2040 -133.00
1222 2050 -136.90
1227 2063 -137.30
1231 2073 -135.50
1236 2086 -133.20
1240 2096 -139.90
1245 2109 -140.90
1250 2123 -140.50
1258 2143 -142.50
1263 2156 -138.20
1267 2167 -139.40
1272 2179 -142.00
1275 2190 -142.50
1279 2204 -139.80
1284 2216 -143.50
1289 2228 -142.00
1295 2243 -146.50
1299 2253 -143.70
1304 2265 -142.90
1308 2275 -143.50
1312 2285 -146.60
1318 2299 -141.40
1322 2309 -141.90
1325 2317 -141.30
1330 2329 -142.00
1334 2338 -140.10
1337 2358 -139.40
1339 2374 -141.90
1340 2382 -140.40
1342 2398 -140.20
1343 2408 -145.10
1345 2420 -144.60
1347 2431 -142.80
1352 2441 -143.80
1363 2451 -144.60
1367 2461 -144.60
1368 2469 -146.10
1370 2481 -145.50
1376 2499 -145.80
1385 2508 -145.00
1398 2512 -145.00
1408 2514 -144.90
1416 2516 -145.20
1428 2515 -144.90
1437 2511 -140.50
1442 2500 -142.50
1443 2494 -142.10
1444 2482 -137.90
1446 2469 -142.20
1447 2458 -142.70
1449 2444 -141.00
1450 2434 -144.00
1452 2418 -144.60
1453 2409 -146.00
1455 2395 -143.60
1457 2383 -148.20
1459 2371 -147.90
1462 2351 -145.80
1465 2335 -143.20
1467 2323 -142.80
1468 2314 -145.20
1471 2298 -139.90
1472 2288 -139.30
1474 2277 -142.10
1475 2267 -138.10
1477 2256 -134.30
1478 2245 -131.10
1481 2227 -131.20
1482 2217 -133.80
1485 2199 -132.90
1487 2185 -124.90
1489 2174 -126.60
1489 2171 -129.00
1484 2150 -127.90
1482 2146 -125.00
1475 2130 -125.30
1469 2116 -125.00
1463 2101 -125.60
1459 2091 -129.20
1454 2078 -133.00
1449 2066 -124.00
1445 2055 -123.30
1440 2044 -122.30
1435 2030 -124.90
1431 2020 -118.10
1426 2008 -121.20
1426 2008 -124.80
1417 1985 -124.10
1417 1985 -126.50
1408 1963 -118.20
1403 1950 -117.80
1399 1940 -121.00
1395 1930 -119.30
1389 1915 -118.20
1385 1905 -120.40
1381 1894 -119.10
1376 1881 -121.50
1372 1871 -118.20
1367 1858 -120.00
1363 1848 -114.00
1358 1835 -111.60
1352 1820 -111.10
1347 1807 -115.90
1343 1796 -118.00
1339 1786 -116.90
1335 1776 -110.60
1330 1763 -113.40
1326 1753 -109.30
1323 1745 -110.00
1318 1732 -110.00
1314 1722 -110.70
1309 1709 -110.60
1301 1688 -109.40
1297 1678 -105.80
1292 1665 -111.50
1288 1654 -107.20
1285 1647 -106.20
1282 1639 -108.40
1274 1618 -107.00
1270 1608 -105.00
1266 1597 -106.30
1262 1587 -103.70
1255 1572 -104.30
1248 1565 -102.50
1241 1558 -100.20
1237 1548 -97.100
1232 1538 -95.100
1226 1524 -90.200
1222 1512 -85.700
1218 1502 -80.800
1213 1490 -80.500
1208 1478 -80.400
1203 1466 -80.900
1195 1447 -80.800
1194 1443 -80.700
1188 1427 -79.600
1182 1411 -83.000
1179 1402 -80.700
1174 1388 -76.500
1169 1376 -79.900
1166 1367 -80.500
1162 1357 -83.500
1159 1347 -86.400
1154 1333 -92.000
1148 1317 -92.000
1145 1308 -93.400
1141 1297 -94.700
1137 1286 -98.300
1133 1275 -97.800
1129 1264 -96.400
1123 1248 -98.500
1119 1237 -100.60
1114 1223 -101.90
1109 1209 -103.70
1106 1201 -105.90
1101 1187 -107.10
1097 1176 -107.30
1093 1165 -111.30
1089 1154 -111.30
1085 1143 -116.40
1081 1132 -115.30
1077 1121 -114.80
1070 1114 -116.50
1062 1117 -120.40
1041 1115 -121.30
1023 1104 -122.00
1012 1083 -123.00
1012 1075 -123.90
1014 1058 -119.30
1015 1050 -117.50
1021 1043 -117.90
1025 1039 -116.00
1042 1031 -114.20
1061 1031 -115.40
1081 1039 -122.30
1092 1046 -124.60
1100 1051 -122.40
1107 1050 -120.70
1120 1044 -117.80
1130 1040 -126.10
1141 1036 -117.50
1149 1033 -126.80
1170 1025 -124.70
1186 1019 -124.50
1207 1011 -126.20
1219 1006 -127.10
1230 1002 -127.10
1241 998 -116.00
1251 994 -115.10
1262 990 -120.70
1281 982 -128.20
1287 979 -129.20
1300 973 -128.70
1316 974 -130.10
1322 953 -129.90
1329 944 -129.70
1339 937 -126.50
1344 934 -126.90
1356 927 -126.10
1354 928 -126.90
1363 925 -124.80
1400 912 -126.60
1398 913 -121.80
1396 927 -122.20
1382 932 -128.60
1371 935 -128.20
1359 939 -125.50
1347 944 -127.20
1331 943 -128.70
1328 969 -131.30
1319 973 -130.30
1307 978 -128.10
1295 983 -125.80
1283 981 -119.40
1281 989 -111.10
1275 992 -111.70
1264 1006 -107.00
1268 1016 -106.80
1272 1026 -110.90
1277 1040 -111.00
1281 1049 -114.40
1286 1061 -115.30
1292 1076 -108.10
1296 1086 -113.50
1301 1099 -107.60
1306 1111 -107.80
1311 1124 -106.50
1316 1136 -105.30
1321 1149 -100.50
1326 1161 -101.60
1331 1174 -99.200
1336 1186 -98.900
1342 1201 -93.800
1369 1209 -91.000
1379 1203 -90.100
1387 1197 -89.200
1396 1191 -94.500
1409 1185 -95.600
1420 1180 -97.500
1433 1174 -98.700
1444 1169 -97.900
1457 1167 -103.50
1466 1167 -104.70
1478 1168 -104.90
1489 1168 -106.10
1500 1168 -108.10
1511 1168 -108.80
1523 1168 -110.00
1534 1169 -112.30
1546 1170 -113.00
1558 1169 -111.50
1573 1169 -111.80
1595 1170 -114.90
1608 1170 -112.70
1620 1170 -112.90
1632 1174 -112.50
1646 1177 -112.90
1668 1171 -111.00
1666 1175 -103.20
1656 1180 -102.50
1642 1180 -109.30
1632 1186 -111.70
1623 1188 -110.10
1609 1192 -107.70
1597 1194 -108.20
1585 1193 -109.60
1574 1193 -110.10
1562 1192 -106.80
1550 1191 -101.40
1537 1191 -102.80
1524 1190 -99.000
1512 1190 -99.600
1500 1189 -99.900
1487 1189 -101.50
1475 1188 -98.500
1458 1194 -98.000
1442 1200 -96.300
1431 1204 -93.500
1420 1208 -95.100
1404 1214 -92.700
1382 1201 -91.400
1385 1199 -88.200
1380 1203 -82.100
1364 1250 -81.800
1366 1256 -85.300
1370 1266 -81.900
1375 1279 -77.700
1380 1292 -78.400
1384 1302 -80.200
1389 1315 -85.600
1393 1326 -84.700
1397 1336 -85.700
1404 1354 -81.000
1410 1370 -80.500
1414 1380 -82.000
1418 1390 -83.500
1423 1403 -87.300
1428 1416 -90.100
1432 1427 -95.700
1436 1437 -98.800
1441 1450 -99.600
1445 1460 -100.60
1458 1469 -103.70
1458 1492 -104.20
1462 1502 -105.70
1466 1512 -106.60
1471 1525 -110.40
1475 1535 -112.60
1481 1550 -111.40
1486 1563 -107.80
1490 1574 -116.60
1494 1583 -111.00
1499 1596 -114.70
1503 1606 -113.60
1508 1619 -114.60
1512 1629 -115.50
1516 1639 -108.70
1522 1654 -111.00
1527 1667 -116.00
1531 1677 -116.60
1535 1687 -115.00
1541 1703 -117.40
1544 1710 -113.40
1550 1725 -110.20
1554 1736 -112.60
1559 1748 -112.60
1563 1758 -115.30
1568 1771 -113.70
1573 1784 -116.10
1578 1796 -114.10
1582 1807 -113.10
1587 1819 -120.30
1591 1829 -117.50
1596 1842 -117.00
1601 1854 -116.60
1605 1864 -119.30
1610 1877 -119.60
1614 1887 -123.10
1618 1897 -118.20
1624 1912 -118.30
1629 1925 -120.00
1634 1937 -120.20
1638 1947 -126.10
1642 1957 -129.20
1647 1970 -127.00
1651 1980 -126.50
1655 1990 -122.80
1661 2006 -122.50
1665 2015 -126.10
1669 2025 -127.90
1675 2040 -130.70
1680 2053 -127.70
1684 2063 -124.50
1688 2073 -123.90
1693 2086 -125.10
1698 2098 -125.30
1702 2108 -124.90
1707 2121 -126.00
1712 2133 -127.10
1716 2143 -125.10
1721 2156 -126.40
1727 2171 -126.90
1731 2181 -129.30
1736 2194 -130.20
1758 2207 -139.30
1770 2206 -144.80
1776 2215 -147.00
1776 2215 -148.60
1779 2236 -151.00
1781 2255 -153.60
1783 2265 -153.90
1784 2276 -153.60
1786 2288 -154.60
1788 2301 -152.50
1789 2311 -154.40
1790 2325 -153.50
1790 2337 -152.40
1791 2347 -153.80
1792 2360 -153.80
1792 2370 -155.20
1793 2381 -154.40
1794 2402 -154.80
1795 2416 -154.50
1796 2430 -154.20
1796 2441 -154.90
1797 2452 -154.00
1798 2464 -153.90
1798 2475 -153.00
1799 2487 -154.30
1800 2499 -153.50
1801 2516 -154.50
1801 2530 -152.80
1802 2541 -153.30
1812 2555 -155.70
1822 2554 -156.10
1832 2554 -156.90
1841 2553 -155.40
1853 2552 -158.00
1875 2551 -157.60
1879 2551 -158.00
1901 2549 -154.80
1902 2549 -152.70
1915 2548 -155.30
1927 2548 -156.30
1940 2547 -156.40
1952 2546 -156.90
1966 2545 -156.30
1980 2544 -154.60
1993 2544 -154.80
2006 2544 -153.80
2028 2539 -155.70
2031 2538 -155.10
2051 2532 -155.50
2061 2529 -152.20
2075 2524 -151.80
2088 2520 -153.30
2101 2516 -153.40
2110 2514 -152.90
2123 2509 -152.00
2137 2504 -149.20
2142 2494 -146.70
2139 2483 -146.00
2136 2473 -145.20
2134 2466 -144.70
2131 2455 -144.40
2126 2437 -144.70
2123 2427 -143.70
2120 2416 -143.90
2117 2405 -146.00
2111 2384 -142.30
2107 2370 -145.40
2103 2356 -148.30
2100 2345 -145.80
2097 2334 -148.00
2093 2320 -146.00
2090 2309 -145.30
2087 2299 -147.50
2083 2285 -145.80
2080 2274 -145.90
2077 2263 -147.70
2074 2253 -148.00
2070 2238 -148.00
2067 2228 -145.50
2063 2214 -145.20
2059 2199 -146.40
2056 2189 -145.10
2052 2175 -144.80
2048 2160 -146.10
2045 2150 -146.90
2042 2139 -147.80
2039 2128 -144.50
2035 2114 -147.30
2032 2103 -145.50
2029 2093 -144.60
2026 2082 -144.00
2021 2067 -141.80
2015 2059 -139.50
2008 2050 -140.70
2002 2042 -139.70
1994 2032 -139.00
1987 2018 -142.20
1983 2005 -142.60
1979 1992 -141.00
1975 1979 -145.10
1970 1963 -138.70
1966 1950 -140.00
1964 1950 -146.40
1953 1953 -144.80
1942 1956 -144.80
1930 1959 -146.30
1919 1962 -145.20
1904 1966 -144.20
1892 1970 -139.50
1877 1973 -138.90
1866 1976 -138.50
1854 1979 -143.50
1829 1972 -136.30
1825 1962 -143.80
1822 1954 -140.90
1816 1939 -139.80
1811 1926 -140.10
1805 1911 -141.70
1801 1901 -139.50
1797 1891 -139.50
1792 1878 -141.30
1788 1868 -142.00
1784 1859 -141.40
1780 1848 -141.40
1775 1836 -135.50
1770 1824 -136.00
1765 1811 -136.70
1761 1801 -137.40
1756 1789 -137.20
1752 1779 -137.30
1745 1762 -135.60
1740 1749 -133.70
1735 1736 -133.60
1731 1726 -136.20
1726 1713 -136.40
1722 1703 -138.80
1717 1690 -138.30
1713 1680 -135.40
1708 1667 -132.00
1703 1654 -132.40
1698 1641 -128.20
1694 1631 -129.10
1691 1623 -133.80
1686 1611 -133.30
1681 1599 -132.40
1677 1589 -130.30
1673 1579 -130.70
1668 1567 -132.50
1663 1554 -130.00
1659 1544 -131.20
1655 1534 -127.10
1646 1511 -126.20
1645 1509 -128.60
1638 1491 -133.30
1633 1479 -129.30
1628 1466 -126.70
1623 1453 -128.70
1619 1443 -130.00
1614 1430 -128.60
1610 1419 -126.00
1607 1412 -119.30
1607 1412 -115.20
1593 1417 -113.80
1585 1420 -115.30
1575 1424 -116.00
1562 1429 -112.10
1554 1432 -107.90
1541 1437 -113.30
1531 1441 -115.40
1518 1446 -114.20
1505 1451 -114.90
1489 1457 -110.40
1474 1463 -106.00
1466 1466 -102.80
1448 1467 -100.30
1447 1466 -99.600
1423 1468 -99.800
1413 1472 -101.10
1403 1476 -100.20
1390 1481 -102.30
1378 1486 -99.300
1368 1490 -98.200
1355 1495 -98.600
1340 1501 -97.000
1328 1506 -96.200
1318 1510 -91.000
1308 1514 -92.100
1293 1520 -98.700
1285 1523 -100.70
1272 1528 -101.00
1260 1533 -100.60
1252 1536 -100.70
1251 1533 -97.300
1247 1524 -97.400
1243 1514 -90.200
1237 1499 -84.400
1233 1489 -81.200
1227 1475 -80.100
1222 1462 -79.600